5.0 6.0
13.612244897959183 6.0
22.224489795918366 6.0
30.83673469387755 6.0
39.44897959183673 6.0
48.06122448979592 6.0
56.6734693877551 6.0
65.28571428571428 6.0
73.89795918367346 6.0
82.51020408163265 6.0
91.12244897959184 6.0
99.73469387755101 6.0
108.3469387755102 6.0
116.95918367346938 6.0
125.57142857142856 6.0
134.18367346938774 6.0
142.79591836734693 6.0
151.40816326530611 6.0
160.0204081632653 6.0
168.6326530612245 6.0
177.24489795918367 6.0
185.85714285714283 6.0
194.46938775510202 6.0
203.0816326530612 21.3265306122449
211.6938775510204 21.3265306122449
220.30612244897958 21.3265306122449
228.91836734693877 36.6530612244898
237.53061224489795 36.6530612244898
246.1428571428571 36.6530612244898
254.7551020408163 51.9795918367347
263.3673469387755 51.9795918367347
271.9795918367347 51.9795918367347
280.59183673469386 67.3061224489796
289.204081632653 82.63265306122449
297.81632653061223 82.63265306122449
306.4285714285714 97.9591836734694
315.0408163265306 97.9591836734694
323.65306122448976 113.28571428571429
332.265306122449 128.6122448979592
340.87755102040813 143.9387755102041
349.48979591836735 159.26530612244898
358.1020408163265 174.59183673469389
366.71428571428567 189.9183673469388
366.71428571428567 205.24489795918367
375.3265306122449 220.57142857142858
375.3265306122449 235.89795918367346
383.93877551020404 251.22448979591837
383.93877551020404 266.55102040816325
383.93877551020404 281.8775510204082
392.55102040816325 297.2040816326531
401.1632653061224 297.2040816326531
409.7755102040816 312.53061224489795
418.3877551020408 327.8571428571429
409.7755102040816 343.18367346938777
401.1632653061224 343.18367346938777
392.55102040816325 358.51020408163265
383.93877551020404 358.51020408163265
383.93877551020404 373.8367346938776
383.93877551020404 389.16326530612247
375.3265306122449 404.48979591836735
375.3265306122449 419.81632653061223
366.71428571428567 435.14285714285717
366.71428571428567 450.46938775510205
364.5612244897959 458.1326530612245
362.4081632653061 461.9642857142857
360.2551020408163 465.7959183673469
358.1020408163265 469.6275510204082
355.94897959183675 473.4591836734694
353.7959183673469 477.2908163265306
351.6428571428571 481.1224489795918
349.4897959183673 484.9540816326531
347.33673469387753 484.9540816326531
345.1836734693877 488.7857142857143
343.03061224489795 492.61734693877554
340.87755102040813 496.44897959183675
338.7244897959183 500.28061224489795
336.57142857142856 500.28061224489795
334.41836734693874 504.11224489795916
332.265306122449 507.9438775510204
330.11224489795916 511.7755102040816
327.95918367346934 511.7755102040816
325.8061224489796 515.6071428571429
323.65306122448976 519.4387755102041
321.5 523.2704081632653
319.3469387755102 523.2704081632653
317.19387755102036 527.1020408163265
315.0408163265306 530.9336734693877
312.8877551020408 534.7653061224489
310.73469387755097 534.7653061224489
308.5816326530612 538.5969387755102
306.4285714285714 542.4285714285714
304.2755102040816 542.4285714285714
302.1224489795918 546.2602040816327
299.969387755102 546.2602040816327
297.81632653061223 550.0918367346939
295.6632653061224 553.9234693877552
293.51020408163265 557.7551020408164
291.35714285714283 557.7551020408164
289.204081632653 561.5867346938776
287.05102040816325 565.4183673469388
284.89795918367344 565.4183673469388
282.7448979591837 569.25
280.59183673469386 573.0816326530612
278.43877551020404 576.9132653061224
276.2857142857143 576.9132653061224
274.13265306122446 580.7448979591836
271.9795918367347 580.7448979591836
269.8265306122449 584.5765306122449
267.67346938775506 588.4081632653061
265.5204081632653 588.4081632653061
263.3673469387755 592.2397959183673
261.21428571428567 592.2397959183673
259.0612244897959 596.0714285714286
256.9081632653061 599.9030612244898
254.75510204081633 599.9030612244898
252.6020408163265 603.7346938775511
250.4489795918367 603.7346938775511
248.29591836734693 607.5663265306123
246.1428571428571 611.3979591836735
243.98979591836735 611.3979591836735
241.83673469387753 615.2295918367347
239.6836734693877 615.2295918367347
237.53061224489795 619.0612244897959
235.37755102040813 619.0612244897959
233.22448979591837 622.8928571428571
231.07142857142856 622.8928571428571
228.91836734693874 626.7244897959183
226.76530612244898 626.7244897959183
224.61224489795916 630.5561224489796
222.45918367346937 630.5561224489796
220.30612244897958 634.3877551020408
218.15306122448976 634.3877551020408
216.0 638.219387755102
213.84693877551018 642.0510204081633
211.6938775510204 642.0510204081633
209.5408163265306 645.8826530612245
207.38775510204079 645.8826530612245
205.234693877551 645.8826530612245
203.0816326530612 649.7142857142858
200.92857142857142 649.7142857142858
198.77551020408163 653.545918367347
196.6224489795918 653.545918367347
194.46938775510202 657.3775510204082
192.31632653061223 657.3775510204082
190.1632653061224 657.3775510204082
188.01020408163265 661.2091836734694
185.85714285714283 661.2091836734694
183.70408163265304 665.0408163265306
181.55102040816325 665.0408163265306
179.39795918367344 668.8724489795918
177.24489795918367 668.8724489795918
175.09183673469386 668.8724489795918
172.93877551020407 672.704081632653
170.78571428571428 672.704081632653
168.63265306122446 672.704081632653
166.4795918367347 676.5357142857142
164.32653061224488 676.5357142857142
162.1734693877551 676.5357142857142
160.0204081632653 680.3673469387755
151.40816326530611 680.3673469387755
142.79591836734693 680.3673469387755
134.18367346938774 680.3673469387755
125.57142857142856 695.6938775510205
116.95918367346938 695.6938775510205
108.3469387755102 695.6938775510205
99.73469387755101 711.0204081632653
91.12244897959184 711.0204081632653
82.51020408163265 711.0204081632653
73.89795918367346 711.0204081632653
65.28571428571428 726.3469387755102
56.6734693877551 726.3469387755102
48.06122448979592 726.3469387755102
39.44897959183673 726.3469387755102
30.83673469387755 741.6734693877552
22.224489795918366 741.6734693877552
13.612244897959183 741.6734693877552
5.0 726.3469387755102
5.0 711.0204081632653
5.0 695.6938775510205
5.0 680.3673469387755
5.0 665.0408163265306
5.0 649.7142857142858
5.0 634.3877551020408
5.0 619.0612244897959
5.0 603.7346938775511
5.0 588.4081632653061
5.0 573.0816326530612
5.0 557.7551020408164
5.0 542.4285714285714
5.0 527.1020408163265
5.0 511.7755102040816
5.0 496.44897959183675
5.0 481.12244897959187
5.0 465.7959183673469
5.0 450.46938775510205
5.0 435.14285714285717
5.0 419.81632653061223
5.0 404.48979591836735
5.0 389.16326530612247
5.0 373.8367346938776
5.0 358.51020408163265
5.0 343.18367346938777
5.0 327.8571428571429
5.0 312.53061224489795
5.0 297.2040816326531
5.0 281.8775510204082
5.0 266.55102040816325
5.0 251.22448979591837
5.0 235.89795918367346
5.0 220.57142857142858
5.0 205.24489795918367
5.0 189.9183673469388
5.0 174.59183673469389
5.0 159.26530612244898
5.0 143.9387755102041
5.0 128.6122448979592
5.0 113.28571428571429
5.0 97.9591836734694
5.0 82.63265306122449
5.0 67.3061224489796
5.0 51.9795918367347
5.0 36.6530612244898
5.0 21.3265306122449
5.0 6.0
