130 120
128 121
127 122
126 122
125 122
124 123
123 123
122 124
121 125
120 126
119 127
119 128
118 129
117 130
116 131
116 132
116 133
116 134
115 135
115 136
115 137
114 138
114 139
114 140
114 141
114 142
114 143
114 144
114 145
114 146
114 147
114 148
114 149
114 150
114 151
114 152
115 153
115 154
115 155
115 156
116 157
116 158
116 159
117 160
117 161
117 162
117 163
118 164
118 165
118 166
119 167
119 168
120 169
120 170
121 171
121 172
121 173
122 174
122 175
123 176
123 177
124 178
124 179
125 180
125 181
126 182
127 183
127 184
128 185
128 186
129 187
129 188
130 189
131 190
131 191
132 192
133 193
133 194
134 195
135 196
135 197
136 198
137 199
138 200
138 201
139 202
140 203
140 204
141 205
142 206
143 207
143 208
144 209
145 210
146 211
146 212
147 213
148 214
148 215
149 216
149 217
150 218
150 219
150 220
150 221
150 222
150 223
150 224
149 225
148 226
147 227
146 227
145 228
144 228
143 229
142 229
141 229
140 230
139 230
138 230
137 231
136 231
135 231
134 232
133 232
132 232
131 233
130 233
129 233
128 234
127 234
126 234
125 235
124 235
123 235
122 236
121 236
120 236
119 237
118 237
117 237
116 238
115 238
114 239
113 239
112 240
111 240
110 240
109 241
108 241
107 242
106 242
105 243
104 243
103 244
102 244
101 245
100 245
99 246
98 246
97 247
96 247
95 248
94 249
93 249
92 250
91 250
90 251
89 252
88 252
87 253
86 254
85 255
84 256
83 256
82 257
81 258
80 259
79 260
78 261
77 262
76 263
75 264
75 265
74 266
73 267
72 268
71 269
71 270
70 271
70 272
70 273
69 274
69 275
68 276
68 277
68 278
67 279
67 280
67 281
67 282
67 283
67 284
67 285
67 286
68 287
68 288
69 289
69 290
70 291
71 292
71 293
72 294
73 295
74 296
75 297
76 297
77 298
78 299
79 299
80 300
81 300
82 301
83 301
84 302
85 302
86 302
87 302
88 303
89 303
90 303
91 303
92 304
93 304
94 304
95 304
96 304
97 304
98 304
99 305
100 305
101 305
102 305
103 305
104 305
105 305
106 305
107 305
108 305
109 305
110 305
111 305
112 305
113 304
114 304
115 304
116 304
117 304
118 304
119 304
120 304
121 304
122 304
123 303
124 303
125 303
126 303
127 303
128 302
129 302
130 302
131 302
132 301
133 301
134 301
135 301
136 301
137 300
138 300
139 300
140 300
141 299
142 299
143 299
144 298
145 298
146 298
147 297
148 297
149 297
150 297
151 296
152 296
153 296
154 295
155 295
156 295
157 294
158 294
159 294
160 293
161 293
162 293
163 293
164 293
165 292
166 292
167 292
168 292
169 292
170 292
171 292
172 292
173 293
174 294
175 295
176 296
176 297
176 298
176 299
176 300
176 301
176 302
177 303
177 304
177 305
177 306
177 307
177 308
177 309
177 310
177 311
177 312
177 313
177 314
177 315
177 316
177 317
177 318
177 319
177 320
177 321
177 322
177 323
177 324
177 325
177 326
177 327
177 328
177 329
177 330
177 331
177 332
178 333
178 334
178 335
178 336
178 337
178 338
178 339
178 340
178 341
179 342
179 343
179 344
179 345
179 346
180 347
180 348
180 349
180 350
180 351
181 352
181 353
181 354
181 355
182 356
182 357
182 358
183 359
183 360
183 361
184 362
184 363
185 364
185 365
185 366
186 367
186 368
187 369
187 370
188 371
188 372
189 373
190 374
190 375
191 376
192 377
192 378
193 379
194 380
195 381
196 382
197 383
198 384
199 385
200 385
201 386
202 387
203 387
204 388
205 388
206 388
207 388
208 389
209 389
210 389
211 389
212 389
213 389
214 389
215 388
216 388
217 388
218 388
219 387
220 387
221 386
222 385
223 385
224 384
225 383
226 382
227 381
228 380
229 379
230 378
230 377
231 376
232 375
232 374
233 373
234 372
234 371
235 370
235 369
236 368
236 367
237 366
237 365
237 364
238 363
238 362
239 361
239 360
239 359
240 358
240 357
240 356
241 355
241 354
241 353
241 352
242 351
242 350
242 349
242 348
242 347
243 346
243 345
243 344
243 343
243 342
244 341
244 340
244 339
244 338
244 337
244 336
244 335
244 334
244 333
245 332
245 331
245 330
245 329
245 328
245 327
245 326
245 325
245 324
245 323
245 322
245 321
245 320
245 319
245 318
245 317
245 316
245 315
245 314
245 313
245 312
245 311
245 310
245 309
245 308
245 307
245 306
245 305
245 304
245 303
246 302
246 301
246 300
246 299
246 298
246 297
246 296
247 295
248 294
249 293
250 292
251 292
252 292
253 292
254 292
255 292
256 292
257 292
258 293
259 293
260 293
261 293
262 294
263 294
264 294
265 294
266 295
267 295
268 295
269 296
270 296
271 296
272 297
273 297
274 297
275 298
276 298
277 298
278 298
279 299
280 299
281 299
282 300
283 300
284 300
285 300
286 301
287 301
288 301
289 301
290 301
291 302
292 302
293 302
294 302
295 303
296 303
297 303
298 303
299 303
300 304
301 304
302 304
303 304
304 304
305 304
306 304
307 304
308 304
309 304
310 305
311 305
312 305
313 305
314 305
315 305
316 305
317 305
318 305
319 305
320 305
321 305
322 305
323 305
324 304
325 304
326 304
327 304
328 304
329 304
330 304
331 303
332 303
333 303
334 303
335 302
336 302
337 302
338 302
339 301
340 301
341 300
342 300
343 299
344 299
345 298
346 297
347 297
348 296
349 295
350 294
351 293
351 292
352 291
353 290
353 289
354 288
354 287
355 286
355 285
355 284
355 283
355 282
355 281
355 280
355 279
354 278
354 277
354 276
353 275
353 274
352 273
352 272
352 271
351 270
351 269
350 268
349 267
348 266
347 265
347 264
346 263
345 262
344 261
343 260
342 259
341 258
340 257
339 256
338 256
337 255
336 254
335 253
334 252
333 252
332 251
331 250
330 250
329 249
328 249
327 248
326 247
325 247
324 246
323 246
322 245
321 245
320 244
319 244
318 243
317 243
316 242
315 242
314 241
313 241
312 240
311 240
310 240
309 239
308 239
307 238
306 238
305 238
304 237
303 237
302 236
301 236
300 236
299 235
298 235
297 235
296 234
295 234
294 234
293 233
292 233
291 233
290 232
289 232
288 232
287 231
286 231
285 231
284 230
283 230
282 230
281 229
280 229
279 228
278 228
277 228
276 227
275 227
274 226
273 225
273 224
272 223
272 222
272 221
272 220
272 219
272 218
273 217
273 216
274 215
275 214
275 213
276 212
276 211
277 210
278 209
279 208
279 207
280 206
281 205
282 204
282 203
283 202
284 201
284 200
285 199
286 198
287 197
287 196
288 195
289 194
289 193
290 192
291 191
291 190
292 189
292 188
293 187
294 186
294 185
295 184
295 183
296 182
297 181
297 180
298 179
298 178
299 177
299 176
300 175
300 174
301 173
301 172
301 171
302 170
302 169
303 168
303 167
304 166
304 165
304 164
305 163
305 162
305 161
305 160
306 159
306 158
306 157
307 156
307 155
307 154
307 153
308 152
308 151
308 150
308 149
308 148
308 147
308 146
308 145
308 144
308 143
308 142
308 141
308 140
308 139
308 138
307 137
307 136
307 135
306 134
306 133
306 132
306 131
305 130
304 129
303 128
303 127
302 126
301 125
300 124
299 123
298 123
297 122
296 122
295 122
294 121
293 121
292 120
291 120
290 120
289 120
288 120
287 120
286 120
285 120
284 120
283 120
282 120
281 121
280 121
279 121
278 121
277 122
276 122
275 123
274 123
273 123
272 124
271 124
270 124
269 125
268 125
267 126
266 127
265 127
264 128
263 129
262 129
261 130
260 130
259 131
258 132
257 132
256 133
255 134
254 135
253 136
252 137
251 138
250 138
249 139
248 140
247 141
246 142
245 143
244 144
243 145
242 146
241 147
240 148
239 149
238 150
238 151
237 152
236 153
235 154
234 155
233 156
233 157
232 158
231 159
230 160
229 161
229 162
228 163
227 164
226 165
226 166
225 167
224 168
223 169
223 170
222 171
221 172
220 173
219 174
218 175
218 176
217 177
216 178
215 178
214 179
213 179
212 179
211 179
210 179
209 179
208 179
207 178
206 178
205 177
204 176
204 175
203 174
202 173
201 172
200 171
199 170
199 169
198 168
197 167
196 166
196 165
195 164
194 163
193 162
193 161
192 160
191 159
190 158
189 157
189 156
188 155
187 154
186 153
185 152
184 151
184 150
183 149
182 148
181 147
180 146
179 145
178 144
177 143
176 142
175 141
174 140
173 139
172 138
171 138
170 137
169 136
168 135
167 134
166 133
165 132
164 132
163 131
162 130
161 130
160 129
159 129
158 128
157 127
156 127
155 126
154 125
153 125
152 124
151 124
150 124
149 123
148 123
147 123
146 122
145 122
144 122
143 121
142 121
141 121
140 120
139 120
138 120
137 120
136 120
135 120
134 120
133 120
132 120
131 120
130 120
